3,2
10,310
10,248
10,154
10,4
10,190
10,264
10,130
10,24
10,2
10,3
9,7
9,2
9,3
8,5
8,12
8,2
8,3
2,2
2,1
2,3
20,3
20,2
20,1
19,3
19,2
19,1
18,3
18,1
12,3
12,2
12,1
11,30
11,29
11,28
11,27
11,26
11,25
11,24
11,23
11,22
11,21
11,20
11,19
11,18
11,17
11,16
11,15
11,14
11,13
11,12
11,11
11,10
11,9
11,8
11,7
11,6
11,5
11,4
11,3
11,2
11,1
10,313
10,307
10,296
10,295
10,282
10,276
10,273
10,236
10,212
10,200
10,184
10,136
10,134
10,114
10,66
10,1
10,22
9,6
9,1
9,4
8,18
8,17
8,16
8,8
8,1
8,7
3,3
3,1
13,1
13,3
14,1
14,3
0,9
0,0
76,34
